89,52
89,51
89,50
89,49
89,48
89,47
89,46
89,45
89,44
89,43
89,42
89,41
89,40
89,39
89,38
89,37
89,36
89,35
10,154
10,32
10,94
10,256
10,274
10,132
10,166
10,216
10,2
10,3
9,7
9,4
9,6
9,3
8,11
8,17
8,4
8,16
63,6
63,5
63,4
63,3
63,2
63,1
63,0
52,3
52,2
52,1
52,0
38,4
38,3
38,2
38,1
38,0
37,3
37,2
37,1
37,0
36,4
36,3
36,2
36,1
36,0
31,3
31,1
20,3
20,2
20,1
19,3
19,2
19,1
12,3
12,2
12,1
11,28
11,27
11,26
11,25
11,24
11,23
11,22
11,21
11,20
11,19
11,18
11,17
11,16
11,15
11,14
11,13
11,12
11,11
11,10
11,9
11,7
11,6
11,5
18,1
11,3
18,3
11,2
11,1
